100 0 0 0
99 1 0 0
98 2 0 0
97 3 0 0
96 4 0 0
95 5 0 0
94 6 0 0
93 6 0 0
92 7 0 0
91 8 0 0
90 9 0 0
89 9 0 0
88 9 0 0
87 9 0 0
86 9 0 0
85 10 0 0
84 10 0 0
83 11 0 0
82 12 0 0
81 12 0 0
80 12 0 0
79 12 0 0
78 12 0 0
77 13 0 0
76 14 0 0
75 15 0 0
74 15 0 0
73 15 0 0
72 16 0 0
71 17 0 0
70 17 0 0
69 17 0 0
68 17 0 0
67 18 0 0
66 19 0 0
65 19 0 0
64 19 0 0
63 20 0 0
62 20 0 0
61 21 0 0
60 22 0 0
59 22 0 0
58 22 0 0
57 23 0 0
56 24 0 0
55 25 0 0
54 26 0 0
53 27 0 0
52 28 0 0
51 29 0 0
50 29 0 0
49 30 0 0
48 31 0 0
47 32 0 0
46 32 0 0
45 32 0 0
44 33 0 0
43 34 0 0
42 35 0 0
41 35 0 0
40 35 0 0
39 36 0 0
38 37 0 0
37 37 0 0
36 37 0 0
35 38 0 0
34 38 0 0
33 38 0 0
32 39 0 0
31 39 0 0
30 39 0 0
29 40 0 0
28 41 0 0
27 42 0 0
26 42 0 0
25 43 0 0
24 43 0 0
23 44 0 0
22 45 0 0
21 45 0 0
20 46 0 0
19 47 0 0
18 47 0 0
17 48 0 0
16 49 0 0
15 50 0 0
14 51 0 0
13 52 0 0
12 52 0 0
11 53 0 0
10 54 0 0
9 55 0 0
8 55 0 0
7 55 0 0
6 55 0 0
5 55 0 0
4 55 0 0
3 55 0 0
2 55 0 0
1 55 0 0
0 55 0 0
