0.000000000000000000e+00
3.545282086840817470e-01
5.564655849390096609e-01
7.843037484383308389e-01
8.110825234074763301e-01
1.056290050631793598e+00
2.002364476123265291e+00
2.142934898682629541e+00
2.453882768503724776e+00
3.025722534814883513e+00
3.803783693573587588e+00
4.491996005990648300e+00
5.491331497697325759e+00
5.676821800222983327e+00
7.730659203057932416e+00
9.315645918259296110e+00
9.365896038047671013e+00
1.078685797285772097e+01
1.105305176025643199e+01
1.109023983728137885e+01
1.252258514864456451e+01
1.266992459268113791e+01
1.269915680606634645e+01
1.285922972634427275e+01
1.337076830197746702e+01
1.365534382676155722e+01
1.426864580561032625e+01
1.663671209010230001e+01
1.725944339002607819e+01
1.798443682742247418e+01
1.835371328060999829e+01
1.915805180256094431e+01
1.980160109476501873e+01
2.092801549842487674e+01
2.120980436815981918e+01
2.148998869703931902e+01
2.230362415999923797e+01
2.265334236669490764e+01
2.283646672454964488e+01
2.341234349171567075e+01
2.414802738560420181e+01
2.555188820971678254e+01
2.578515802159962078e+01
2.662786172411332686e+01
2.944696783971149401e+01
3.157835805150895681e+01
3.161589348335518679e+01
3.270556811753588278e+01
3.289011503028662275e+01
3.336207453494838404e+01
3.484636526376849019e+01
3.610397414580479136e+01
3.691679086106911001e+01
3.717618793034662872e+01
3.732379882891660117e+01
3.737045973887624228e+01
3.816622672925814186e+01
3.880595929132816480e+01
3.910384518957708622e+01
3.963568816986060028e+01
4.023065565234095686e+01
4.071872106781797385e+01
4.086414393106758070e+01
4.113847061003731653e+01
4.354085157009561158e+01
4.532661458700031432e+01
4.646788200019456383e+01
4.661962710231857443e+01
4.706430163503501518e+01
4.749599702811997304e+01
4.826079548297805388e+01
5.132016711312087409e+01
5.164356427000260652e+01
5.295390822867784664e+01
5.386402016933381276e+01
5.393307380903549131e+01
5.638680851792580739e+01
5.794844041720274674e+01
6.163490013058724060e+01
6.164682970249827321e+01
6.517171033706702588e+01
6.595165494258348815e+01
7.183060201934043221e+01
7.533499378901632326e+01
7.986936328019784526e+01
8.043493878870182812e+01
9.644588276868812216e+01
9.753900168626343259e+01
9.757001730810262075e+01
9.882921564048938023e+01
9.992935934450198943e+01
1.063846922883700330e+02
1.091521341427392002e+02
1.201077751986228748e+02
1.264268490184639120e+02
1.574309303259033470e+02
1.712446017732445398e+02
1.765116375246221878e+02
1.777561840923479792e+02
1.787545310069898505e+02
2.106119397858353182e+02
