2.912933008760170424e+02
1.864881216056335234e+02
2.434555004171371593e+02
3.935568805025434358e+02
2.544999126950158939e+02
2.024223101555744790e+02
2.303409149334203505e+02
2.563986096093848346e+02
2.478150973803613226e+02
2.022693180361951306e+02
2.029728310530434783e+02
2.710415915574050132e+02
2.181630995825593686e+02
2.826340296097297369e+02
3.111056911505846188e+02
2.288052628077812756e+02
1.952870488407685343e+02
2.176639820701985286e+02
2.233435807497519363e+02
1.590648589899880960e+02
2.757099413338368095e+02
4.070480654260628626e+02
2.478049142794443469e+02
1.662231591257075536e+02
2.411467957027790590e+02
2.162830418351598212e+02
2.023107525790541104e+02
1.482300248920837191e+02
2.604434595344662853e+02
2.135361136351220637e+02
2.432851208691419060e+02
1.822797565879538411e+02
3.416249439094797822e+02
2.169058917737507670e+02
2.738075623373157441e+02
2.025190059293980198e+02
2.432122685114752585e+02
1.800344001352151508e+02
1.842371166922051771e+02
2.904680461829036062e+02
3.198455714050949723e+02
2.128342930482245094e+02
1.790405239516165921e+02
2.240007993285104817e+02
2.114045577408256236e+02
2.590137493412578920e+02
2.821278485959620070e+02
1.993505800298546546e+02
2.368499832194063117e+02
2.695273614974050815e+02
3.292176481946538047e+02
2.212016489689183913e+02
1.289115277860992705e+02
2.195271202408699764e+02
2.754622137421795287e+02
1.813492136356422861e+02
3.113134052443601831e+02
1.561458262655115163e+02
2.275082438972761452e+02
4.143674821214831354e+02
2.079555933540107162e+02
2.404651578463290207e+02
1.233230922122585866e+02
2.475050133836126065e+02
2.544534744615453974e+02
1.672392241813084865e+02
1.777043293153038519e+02
2.438527819667438621e+02
2.740941790999434033e+02
1.665214201855126248e+02
2.335225204104035015e+02
3.351924840513525510e+02
2.432493789927919465e+02
2.979401701498628654e+02
1.987814883841965639e+02
2.140663459960605337e+02
1.957805620061363925e+02
3.301852891790466629e+02
2.115721473014175444e+02
1.615241038563649170e+02
2.051163328689582386e+02
3.415422151896121932e+02
3.037755979488646290e+02
1.871762071465139741e+02
2.262653855168150301e+02
2.504478406474095777e+02
2.567265878009974926e+02
2.974563955243361306e+02
2.963431313259375202e+02
1.457894793273339644e+02
2.920430169978192225e+02
3.553491269134021877e+02
2.012245533519686660e+02
2.254605811411703371e+02
1.896887270082339114e+02
1.858986858767013359e+02
4.154235462036914441e+02
2.167167166014306758e+02
2.523346545659991591e+02
1.532590908122936639e+02
2.606275583075721443e+02
1.829429197268057408e+02
2.245189216299405643e+02
2.319002481340124575e+02
2.680095781777372963e+02
2.310405574567518840e+02
3.189230696691109870e+02
2.428482879685761304e+02
2.354604363429953082e+02
2.981833001757649413e+02
1.961603134163738389e+02
2.954196612920480902e+02
1.817568214392050265e+02
2.732678444363368726e+02
2.247120286204928448e+02
2.078402367452541171e+02
2.470005091334514873e+02
1.765778989570539181e+02
2.105597173119104184e+02
1.738762101667802540e+02
1.734432209186072669e+02
2.168833128415581086e+02
2.056766368649461469e+02
3.434165810216236423e+02
2.118455084192785876e+02
1.818364042117304962e+02
2.147211210845599396e+02
3.028021210485787833e+02
3.734174422898797729e+02
1.862052351096366749e+02
3.612325133613152275e+02
2.550667398424163821e+02
2.680850399998222429e+02
1.658528998626914586e+02
1.381852061219212544e+02
1.649453171472527799e+02
2.611486455439757606e+02
2.052522389646092904e+02
2.463472810967006126e+02
2.329128958107376093e+02
2.607883024037112705e+02
2.204116504856098118e+02
1.516686837550272458e+02
2.018711234415845865e+02
2.035518807536520285e+02
3.265753195108512728e+02
1.986111993933308781e+02
1.876862728289285371e+02
1.902266317156923776e+02
1.975408832294568242e+02
3.135730922890816714e+02
2.035716206361046261e+02
2.113567594428474763e+02
3.192099916810103650e+02
2.280921341755251035e+02
1.815470061221097069e+02
1.986837983120540230e+02
2.362226675739900941e+02
2.362212195424657466e+02
2.977802868245524337e+02
1.273324007094079917e+02
2.571616034232681614e+02
3.086718093831774468e+02
1.955410215774090545e+02
1.971255448095677139e+02
2.618248386686223057e+02
1.967394302744046968e+02
1.850740527639622428e+02
2.608514810035623555e+02
2.843999030253912679e+02
3.290109998070471988e+02
2.068919162837044041e+02
1.987784672422733934e+02
1.370413567042279794e+02
1.871317661600890574e+02
3.146563282564922588e+02
2.489796399194619312e+02
2.663657327992981436e+02
1.824471038298535746e+02
3.195680354273160333e+02
1.382547285115958005e+02
2.516196869045468247e+02
2.825037867483706577e+02
2.035195327148992988e+02
1.610142165360346951e+02
3.064298109012177065e+02
2.451588028975049838e+02
3.816313675366883444e+02
2.718427894828037097e+02
3.330799735343470047e+02
3.371582646001705825e+02
2.135610986189902007e+02
1.857384657593506176e+02
3.075438282404813322e+02
2.400023753005968956e+02
2.212526864733997627e+02
1.839672370550576943e+02
2.686592901070939661e+02
2.325524548149816155e+02
2.702950148709383029e+02
3.458924680366066582e+02
2.033931545465038937e+02
2.362260457337448543e+02
2.209382011228202316e+02
2.160208293106835526e+02
1.929977929227933942e+02
2.721311496935520609e+02
1.766807465855111161e+02
1.805065911693363603e+02
2.171114451211067831e+02
2.550983313372487373e+02
3.390781122540901720e+02
3.216434494306678857e+02
2.399762696317595783e+02
2.599116608459622739e+02
2.095432485207142008e+02
2.552646557705767805e+02
2.811490600070246160e+02
2.349487049086062598e+02
3.045756769833670887e+02
2.184353287123197731e+02
2.307334540815035666e+02
1.847893339902084904e+02
1.977589054675366356e+02
1.632749679638884004e+02
2.048399247763336746e+02
2.763127574313880359e+02
2.018812332275189476e+02
1.919533500656680474e+02
2.050926968465083178e+02
1.871972096058224224e+02
3.984172960784070483e+02
2.388495925541398890e+02
2.801900210995699467e+02
2.269148906687051124e+02
2.148073790802761778e+02
2.234966562338680660e+02
2.980127885769832119e+02
2.094518505008234399e+02
2.719967366342992250e+02
1.964958595511791657e+02
1.772510288672928311e+02
2.359317185891357838e+02
2.099985852290182891e+02
2.081276375226354958e+02
2.263799334062961464e+02
2.385120109579712278e+02
2.545813630940630787e+02
4.049768293613850574e+02
1.908028822075324626e+02
2.794829467645914747e+02
1.880310901250282996e+02
1.919811990611905799e+02
3.087638933789534690e+02
2.512873375629868349e+02
2.430138623300291272e+02
2.352529365381002435e+02
1.856956008656981680e+02
2.602019689782425758e+02
2.061285646039397932e+02
3.210739154699457458e+02
2.545245875882640121e+02
2.575879310954978223e+02
3.070305880148360416e+02
2.082042026376014405e+02
1.995193540611035417e+02
3.115080326776756010e+02
2.197586905891822084e+02
3.130070490084812036e+02
2.142564581722764672e+02
2.169116872468170243e+02
1.669154771587181187e+02
2.675331450607729948e+02
2.288247779034727500e+02
2.397849450936157325e+02
2.038174053520235987e+02
2.409496474461546995e+02
2.125627927945799911e+02
2.388585816180079746e+02
2.292525214077801934e+02
3.181636876052830303e+02
1.825764496679498450e+02
2.099183984196135384e+02
2.672985461045415718e+02
2.497683349284121732e+02
2.074094919443024878e+02
2.014420461651197058e+02
1.446124002100524422e+02
2.368422796129545702e+02
3.109486166198581714e+02
2.133469095274011806e+02
2.271336913360198366e+02
2.861996913604814949e+02
2.674779088843121144e+02
2.047983236528400539e+02
3.497386036046925710e+02
4.682637326576921737e+02
2.670083394894053868e+02
2.824873805915489697e+02
2.454157305031042142e+02
1.674617181535577686e+02
1.967350041988584053e+02
2.277517414260777002e+02
3.048536960582737834e+02
1.921195894073831312e+02
2.290129665505339176e+02
2.241556963560820463e+02
3.149842333690181135e+02
2.721326195988399945e+02
2.211257710884556502e+02
1.937209293822979248e+02
2.711435671042542594e+02
2.422941689126679421e+02
2.152929914924297066e+02
1.582633543694511218e+02
3.220791371691428822e+02
2.534197120443907352e+02
2.912929650712275702e+02
3.566737463336478982e+02
2.659664215750811422e+02
1.936120568171274385e+02
1.458778071884719907e+02
2.836777972280622748e+02
2.836140130349198216e+02
2.115555132087891366e+02
3.024319064300138962e+02
2.034598780227483132e+02
3.087015622838289914e+02
1.649876713867854221e+02
1.546696542972042607e+02
2.500425349282748471e+02
1.895056794793737538e+02
1.759439190890736597e+02
2.144914621052481607e+02
2.466235586289770936e+02
2.449732753132143444e+02
2.322614206162762684e+02
1.864134325306252720e+02
1.971515903822644873e+02
2.309593069789548565e+02
3.481867328401155532e+02
2.684874494327248158e+02
2.330650224417697132e+02
2.303252681569588560e+02
2.685985906697658265e+02
1.489983466576393596e+02
1.838475024569169705e+02
1.926867004890923170e+02
3.215392530953122900e+02
2.279114520940725015e+02
1.992634392242511296e+02
2.508288837484085718e+02
1.853498108577744574e+02
1.729320370982079851e+02
2.948351526890389778e+02
1.881278751331224157e+02
2.228104278051182803e+02
2.034482234380491263e+02
2.648275202429849742e+02
2.993180250559196338e+02
2.769954974580822977e+02
1.387348082271105341e+02
2.250489515061486543e+02
2.757098839680949709e+02
2.195525939521693601e+02
2.028549274532433628e+02
2.320514328798849704e+02
2.033777381154671673e+02
1.917671334164097630e+02
2.458535555667689891e+02
2.676783154473463355e+02
2.375106050372583013e+02
1.995859404465068678e+02
1.614758734058443110e+02
3.341524883828213319e+02
2.341774157621343875e+02
2.597274485954955026e+02
2.907740378341313772e+02
1.855377597351369445e+02
3.304550251091005180e+02
2.385067252728347285e+02
2.348371846654553110e+02
4.491656970453927897e+02
3.408073772228696043e+02
2.331788136730153838e+02
2.257002541716913413e+02
2.119533725109197349e+02
2.175228583197124124e+02
2.711422910675048001e+02
2.484099013874801472e+02
2.568232254416128626e+02
1.935186920154442021e+02
2.007749506294187540e+02
2.252010080988146115e+02
1.785267198118484941e+02
2.093061326888852989e+02
1.992543010011923457e+02
2.519916430514070669e+02
2.257870957629843076e+02
1.761109244793073287e+02
3.109780120756146857e+02
2.352642173658798583e+02
1.840276748260457680e+02
1.867742751183895109e+02
2.767560974727443295e+02
1.931817621625127117e+02
1.927527475328048183e+02
2.509109796854427259e+02
2.763448476593335954e+02
1.768454471062314326e+02
2.048111074573584744e+02
2.912732110974120587e+02
2.319019314895201376e+02
2.496250429742457868e+02
1.722767308623966471e+02
3.539475236262132967e+02
2.450161616874094079e+02
2.596990761439315065e+02
2.258428233086220871e+02
2.202161319550384064e+02
2.314435146142741075e+02
1.535925765829747718e+02
1.475160750773766551e+02
1.725351287470812451e+02
2.566170397917119885e+02
1.646635965753065705e+02
2.127014745997084333e+02
2.306009455061814606e+02
2.155318655533125138e+02
2.971490827615564285e+02
2.352567822338803012e+02
1.839035449670543017e+02
1.934282359242602354e+02
2.131779242943121631e+02
1.639837006021659249e+02
2.084730135970802678e+02
1.872207501485435159e+02
2.105324656982585907e+02
1.979123950537678525e+02
1.993341010624239971e+02
1.979369247551393300e+02
2.615264931901998011e+02
2.219294085011450477e+02
2.555018206069000826e+02
1.834555904077929256e+02
2.083591133419245125e+02
1.670390697166962184e+02
1.288961772276890088e+02
2.159035296908654402e+02
1.783653805755635631e+02
2.385563353295206923e+02
1.991943699303677704e+02
2.024071022783365663e+02
2.994683774668092724e+02
1.703225731522420574e+02
2.004720824545475750e+02
2.094446427780976876e+02
2.456716606897143720e+02
2.572598393739876315e+02
2.210024255553887542e+02
1.851698760375335837e+02
2.518876793816987743e+02
2.372667174317233219e+02
3.844076556339880426e+02
1.946758349860315889e+02
1.958534195277109120e+02
2.100125283956872693e+02
2.649412548681763724e+02
2.162265292092195637e+02
2.514011740457475241e+02
3.599755966429914906e+02
2.566017201388453941e+02
2.132031659205137544e+02
2.594405185660510256e+02
1.805568361563719577e+02
3.765226508426134728e+02
2.041847560122442076e+02
2.445252536069413622e+02
2.177736669717648681e+02
2.082870594471018251e+02
1.833980484885659621e+02
1.884346530049221826e+02
2.345858080044467897e+02
3.152468032494524550e+02
1.769294308893701668e+02
2.871236470169643553e+02
3.086006609718751292e+02
1.871712940018971665e+02
1.644246508695423756e+02
1.903031252597430694e+02
1.957462681684163215e+02
4.139261316159263515e+02
2.229743636024356022e+02
2.815060527470535590e+02
1.857498045208977260e+02
2.559268781514128079e+02
2.000026160857198363e+02
2.535379684052069820e+02
2.153100640727065525e+02
1.722704676494730620e+02
2.025199451215655131e+02
2.688430456185723756e+02
2.205390358880922861e+02
1.590938791086579727e+02
1.798616988205865823e+02
2.039752293833330441e+02
2.330737549022113058e+02
1.967352191267011392e+02
2.624842597101964543e+02
1.895879689544817097e+02
2.062207917718017427e+02
2.156685961701599581e+02
2.039571880686997929e+02
3.028004280490085875e+02
3.521559958934893757e+02
2.888748790290255783e+02
2.034880590241733671e+02
2.402724322307214493e+02
2.223457837270360642e+02
2.636138423200537204e+02
2.151046050866425503e+02
2.198096280666181883e+02
1.771869927496663308e+02
3.200725168827590323e+02
1.724723284588848458e+02
5.527549804231939561e+02
2.523940558340425468e+02
2.255291231355805053e+02
2.783765242209818211e+02
1.895371375864546053e+02
2.657832827020324089e+02
2.108443826177415872e+02
2.006425176639155552e+02
2.586500635277047309e+02
2.342560321631383431e+02
2.698859026935743941e+02
1.434883819909253475e+02
2.083843193798911102e+02
1.767686281529602752e+02
3.360599214202178473e+02
2.605397674644030417e+02
2.189266299518122594e+02
1.549117803317839446e+02
2.440485212938952202e+02
1.649634911872698524e+02
1.813751893078386388e+02
2.070272807458107138e+02
1.988665932714128530e+02
1.938716743430441340e+02
1.954168696219971650e+02
2.762020882844686867e+02
1.717729740978010966e+02
2.496179693471804057e+02
4.172850096685539256e+02
1.986055469266640330e+02
2.313235673534740613e+02
2.371732980736283594e+02
2.636503208187939435e+02
2.131366111879351308e+02
1.845047266323591657e+02
2.603794758366839233e+02
2.514119624448593697e+02
3.545382939116643115e+02
1.894058632076398681e+02
3.091241328416780334e+02
1.943463356063431036e+02
1.486113236236052728e+02
3.041190992373859103e+02
1.982679843844182699e+02
1.932086811977436582e+02
2.273581785242354272e+02
2.697542150442594107e+02
1.872135804110848767e+02
1.621088464751127276e+02
1.728926089435419442e+02
3.050549073573773171e+02
2.170425804914998764e+02
2.929284168627306144e+02
2.439992520648671643e+02
1.508730656452244432e+02
3.041659030806351325e+02
3.363773408661940607e+02
2.201716309165200585e+02
2.065322331472128212e+02
1.679348255431557391e+02
2.350722500661245249e+02
3.018078870369232618e+02
2.380935739363937955e+02
2.287224313683443597e+02
4.091441602544904299e+02
2.409189828547958712e+02
2.889567727289743289e+02
1.462469125719886165e+02
2.964023544443886635e+02
2.454320826234417723e+02
2.344237524646221686e+02
2.001158317930877502e+02
2.708542994261580930e+02
2.162011432068960346e+02
1.912826702500844931e+02
2.083618923669745300e+02
1.907467013698754101e+02
2.517728285312545040e+02
1.883793672478144003e+02
2.141020842347903113e+02
1.607848802551177982e+02
3.071436142702871166e+02
2.025940148404409058e+02
1.673781475199845090e+02
2.083293160902277918e+02
1.709048079357384040e+02
2.690830994278948651e+02
2.276455683991522960e+02
1.832684281990883903e+02
2.024595108600334754e+02
2.561468506145179731e+02
2.773098160472090967e+02
1.635208160260575028e+02
4.264276502699913181e+02
2.600563311707327330e+02
2.896125561590595225e+02
3.566188771651895308e+02
3.225655679136991694e+02
2.403234389018371076e+02
2.513280457721675987e+02
3.577039356744286351e+02
4.488518091882847330e+02
2.947624004336902317e+02
2.750769685812842908e+02
1.456856878114255380e+02
2.004642806743950416e+02
1.805316935516021601e+02
3.174206909187155361e+02
2.485859084621886552e+02
2.506399103336401311e+02
2.579006986435186946e+02
2.087405724334855392e+02
1.892678520290280630e+02
2.421461458855944500e+02
2.848451133855172088e+02
2.459318679927464757e+02
2.119473651500800315e+02
3.449327344275236555e+02
2.780733953534841589e+02
1.988587063689539320e+02
2.080535292518095503e+02
2.420111572123377357e+02
1.725437559888960664e+02
2.089952865928732422e+02
2.261140579284969760e+02
2.200379436433378828e+02
3.787414803657561038e+02
2.175609765601968775e+02
2.817073488390790317e+02
1.458742625412509142e+02
2.777130063100173629e+02
2.669698182033337162e+02
2.169273202715841649e+02
1.482754857351255282e+02
1.911609901059472350e+02
3.143747892238866370e+02
2.087626704086438849e+02
2.328668839570830755e+02
2.704211476520386555e+02
4.392959117503046400e+02
1.682141216537443142e+02
2.130678461390406540e+02
2.044837799180602929e+02
2.401083641841846941e+02
2.324650955616332340e+02
3.164278931147063645e+02
2.447137035445700235e+02
2.126079068692650935e+02
2.148308291196523783e+02
2.122596649526051067e+02
2.347248416091386218e+02
1.353793861315146501e+02
1.831210959252161388e+02
2.213683302359314951e+02
2.507852451431986083e+02
2.334470372146366230e+02
2.710755933326697686e+02
3.214637636037337529e+02
2.055221164596198946e+02
3.323945560370476642e+02
2.045836655554848562e+02
2.721264166128241868e+02
3.810294062519207046e+02
2.732748654275476383e+02
1.880323118879950641e+02
2.677447697985512605e+02
3.486118084843137126e+02
2.288234320766338215e+02
1.835783566269148821e+02
2.917146149313240926e+02
2.560403802132563555e+02
2.995299587433593160e+02
4.387821295627508107e+02
2.026898215138560033e+02
2.227117634797627943e+02
1.505826424251251296e+02
2.505620521705313877e+02
1.577745663022371616e+02
2.310102533536158091e+02
2.364371507332197098e+02
2.264266581659668418e+02
2.239863322476020926e+02
1.821321032954213877e+02
3.401435315841948750e+02
2.610106644892757686e+02
2.838190085180632991e+02
1.796155064421369048e+02
1.655853987103900522e+02
2.245236378841819089e+02
1.516425363587058541e+02
2.466220570853971878e+02
2.274303424361600605e+02
3.301954841549418234e+02
2.588340458100868773e+02
2.832252392151483491e+02
1.549226973513791279e+02
2.112664527061245963e+02
2.167346487235660106e+02
1.658314261784436212e+02
2.665683142174005980e+02
3.866639808609342595e+02
2.721878214751630480e+02
1.921490467021233428e+02
2.777230734439591515e+02
2.332002828141800137e+02
1.889760750563029319e+02
2.072732544746018561e+02
2.262331946651836176e+02
1.974571847711037549e+02
2.936799248109496716e+02
2.294822337857344792e+02
1.657289522483990254e+02
2.071585383324644454e+02
2.425720992544710271e+02
1.747553719923052711e+02
2.366481551052583541e+02
2.330971508641927699e+02
1.946688845106459382e+02
1.949939199144414204e+02
2.969430720472482790e+02
1.900455130290891361e+02
2.604084053674426400e+02
2.728035743596300335e+02
2.417132579092876483e+02
3.106936571347561085e+02
1.946458121936643693e+02
3.469570281350468122e+02
2.631957779966741668e+02
2.383542584461806086e+02
1.941792910262620353e+02
1.984002001500239771e+02
2.908427435955702549e+02
2.161218251759045472e+02
2.955355461703706510e+02
1.944413088818143081e+02
1.503313181231914371e+02
2.026522032831018123e+02
1.865895866570842259e+02
3.029812727648247801e+02
2.627521403078787330e+02
1.891473383149392760e+02
3.669271939582746427e+02
1.763770277777589399e+02
2.808201641592966666e+02
3.249476017950396454e+02
2.701248226218352215e+02
2.180161741202700796e+02
3.857249767267746847e+02
2.432804918088229442e+02
1.446630541761570043e+02
3.362520930433669832e+02
2.423721187125138670e+02
2.599017286670261342e+02
1.771146721232305765e+02
1.817370024368459838e+02
1.811613541515901318e+02
2.459733219312707604e+02
2.593906801263773332e+02
2.591575408241617424e+02
2.440181287054900281e+02
2.882715799597579576e+02
2.274234216161536608e+02
1.984651377003545747e+02
2.954617215328338489e+02
2.750453354171700084e+02
1.697818750686028579e+02
2.086040479080887735e+02
2.586200422295179351e+02
2.035654313261014465e+02
2.200836752305619939e+02
3.082996561437158789e+02
1.809264465588094026e+02
2.023441543656196018e+02
2.055726771264990305e+02
2.534103696361140692e+02
2.328848259160145631e+02
1.850564697016279183e+02
2.314463822295652733e+02
2.132338825613880431e+02
3.144794727607342111e+02
2.215088144659726481e+02
2.183633710604086389e+02
2.523557877706148247e+02
2.009239509962622492e+02
1.727394727229491309e+02
1.611436447937723528e+02
2.102435334191690970e+02
3.164750594820748688e+02
2.060652772750118515e+02
1.610482457366872211e+02
2.071535354980385080e+02
2.653788752328427449e+02
3.067901978241218330e+02
1.861658951639147119e+02
1.992929167843118137e+02
2.311183772531772433e+02
2.510076010603159489e+02
2.665538997726069965e+02
2.644990734146257978e+02
1.797270489534876106e+02
3.620131521687015947e+02
1.540786211520739641e+02
1.971074738423661472e+02
2.016399737569855120e+02
2.095316883725434707e+02
2.256932247388706685e+02
2.026426289729499501e+02
2.087650849604691814e+02
2.030487188317888467e+02
2.079675167714785005e+02
1.841792180632102713e+02
1.404884598443340167e+02
1.689978864772910185e+02
3.620309849331437135e+02
2.220315828544655972e+02
1.645553362265307555e+02
1.835652477440208656e+02
2.361810818886540346e+02
2.432573810593262351e+02
1.705532042904328591e+02
2.169070698065680745e+02
1.963974464148053585e+02
2.014898389392863010e+02
2.760780896638831337e+02
1.886903759935176481e+02
1.511845828784816490e+02
2.334471150932499768e+02
2.109205905889011774e+02
1.947410229473888990e+02
3.484225598786580349e+02
1.782955156431456203e+02
1.924229750480259611e+02
1.997245677781595248e+02
1.981422822763973954e+02
2.070981918558778148e+02
1.888785278359840163e+02
2.236180639715833536e+02
2.415996563569535169e+02
1.366003775957163953e+02
1.551520901448653547e+02
1.794906673952011715e+02
1.978439459668171025e+02
2.628177710662167783e+02
2.375490036112158805e+02
1.953319733588246265e+02
1.683391216939616868e+02
1.710805666394743980e+02
2.144687082040320831e+02
3.773120424229415448e+02
1.573014928852502692e+02
2.566203028139699995e+02
1.984179761142550831e+02
2.308627857898254661e+02
2.589693918133476700e+02
2.614077702172937165e+02
2.124716298669526680e+02
2.022943867240312272e+02
2.923763541531317856e+02
2.220438425710318597e+02
3.872366903147822086e+02
2.525656363368092343e+02
2.336286559796252789e+02
2.705233855119629993e+02
3.111885703352559176e+02
2.605290929781612590e+02
2.078378553251253322e+02
2.032137974181692073e+02
2.111762678741415868e+02
1.844549144944621730e+02
1.793982914581503962e+02
2.897684674115830603e+02
1.617292471043548119e+02
2.325977354405430901e+02
3.319371738727597858e+02
2.183852504422329162e+02
2.216953541476577527e+02
3.396719553509474281e+02
1.902175483141159305e+02
1.976450109092907610e+02
2.958847187366800995e+02
2.223589022467095901e+02
1.782574583994755244e+02
2.198656365537607940e+02
1.711095353910065739e+02
2.491877534741704494e+02
3.386549224578765234e+02
1.575321894167119865e+02
1.324727215877356343e+02
2.136343452485530179e+02
2.084015134905911282e+02
3.038949770950945322e+02
2.773147656947674591e+02
2.749393156996554808e+02
1.928769454310757681e+02
2.561871724806221096e+02
3.848264038647793086e+02
2.389358365922320786e+02
1.635757440309785409e+02
4.112147671455729778e+02
2.737145989425912376e+02
1.942013163181017035e+02
1.648187196046586962e+02
1.969382201875418161e+02
2.355345717065136739e+02
2.182428030051466976e+02
2.123746128613462076e+02
1.905420872528474376e+02
1.738160827183043295e+02
2.535421866891009017e+02
1.840840572309606102e+02
2.218204823982407845e+02
2.791961353139299717e+02
1.421720574875488978e+02
2.725031635583437719e+02
2.748225764689353809e+02
2.928265596058530491e+02
2.725770912827134111e+02
4.490331406832747234e+02
2.226706268423929771e+02
2.904134922228945470e+02
2.714715115882832492e+02
3.221877189693580021e+02
2.219595281002898162e+02
2.917262765267881832e+02
1.983165113171896792e+02
1.645444474228523006e+02
1.676524109142721386e+02
2.532344839843130444e+02
2.619082059879904136e+02
2.832188303354951131e+02
2.938919765511697051e+02
2.280376714672980540e+02
2.141830289641019363e+02
2.117214858514552418e+02
1.815403458541595683e+02
1.634302401856287474e+02
2.197876686752325099e+02
2.497963176851022240e+02
1.963590695840977105e+02
2.943275275692928403e+02
2.249348213228036002e+02
3.097294762827550585e+02
3.497165365979089984e+02
2.011551662922757373e+02
2.494776497201265215e+02
2.326394027905037376e+02
2.972266285995548287e+02
2.110324793260901401e+02
2.758562210482208457e+02
2.386975265928391536e+02
2.496207457819667468e+02
2.135100228502664663e+02
3.630195758222385507e+02
1.632785603430533286e+02
1.579956763156235127e+02
2.016842711449517651e+02
2.486839968289008311e+02
2.083058140409920327e+02
2.095821143150415935e+02
1.468460761617614878e+02
2.444719361038071384e+02
2.272144402744757770e+02
1.967691143611374969e+02
2.123871592824372954e+02
2.047508723376059265e+02
3.743733959349747238e+02
2.324736787117344932e+02
2.444847452320182413e+02
1.815530955199299967e+02
3.312510197477261613e+02
1.794010473502790148e+02
1.623538528910946752e+02
1.746680509091699776e+02
1.748789219595369957e+02
3.024010642508029605e+02
