0.000000000000000000e+00
4.725149972826278577e-01
6.546298050841006244e-01
7.702915217688067751e-01
7.709764845538389366e-01
1.263519818085996782e+00
1.878932094305383327e+00
1.900410662266949213e+00
2.181700505078463248e+00
2.211381407968955326e+00
3.199536758683368731e+00
3.202355846464504552e+00
4.134312356532713117e+00
4.152767505453689445e+00
4.530792171830615445e+00
4.652780153309557853e+00
5.276166777085902204e+00
5.390839161412410263e+00
5.598561007025498526e+00
5.807886386613193785e+00
6.422006199258402326e+00
6.897001652999355414e+00
7.920143458288131377e+00
7.979138479794693595e+00
8.418425885035587086e+00
9.244303150018067683e+00
1.020652775088009001e+01
1.036504826983218130e+01
1.063976505700201969e+01
1.069209911075902575e+01
1.085475951058938016e+01
1.087584996364091516e+01
1.095458952656516338e+01
1.123462640284173020e+01
1.216815632061011954e+01
1.256012778028003218e+01
1.320367876218828229e+01
1.349129655667335825e+01
1.354920022184659345e+01
1.431150880465652619e+01
1.490746746567429248e+01
1.504616004024819098e+01
1.552288448694565659e+01
1.652692392934128307e+01
1.723266794099231092e+01
1.831719375500968994e+01
1.847773827637683297e+01
1.851837537441819137e+01
1.924828577444282729e+01
2.019039741212232997e+01
2.049069976525291992e+01
2.064737714810476987e+01
2.101828014870167038e+01
2.108131394408570358e+01
2.134179942490310111e+01
2.146828111463256050e+01
2.179737311628467822e+01
2.184762230381603842e+01
2.255504169247018709e+01
2.337257056551887402e+01
2.347361356669649979e+01
2.564878336966162564e+01
2.606409276385996066e+01
2.629032391213627662e+01
2.664804059129529179e+01
2.781446319429982239e+01
2.782596209917158347e+01
3.068337783780442862e+01
3.101184808556498496e+01
3.152965329525002502e+01
3.495334810559200633e+01
3.817289978586009624e+01
3.945317872986228025e+01
4.037695168321771888e+01
4.041682037964152840e+01
4.140426840528371599e+01
4.142802868464115562e+01
4.182694326724801925e+01
4.321383567654917357e+01
4.681029180630564923e+01
4.754146223589812337e+01
5.058961774847639248e+01
5.147609560140239893e+01
5.420421585342472781e+01
5.700293984842949868e+01
5.770279242952582877e+01
5.826239327859928352e+01
5.857696863477897864e+01
6.207383620413069991e+01
6.267498493392885450e+01
6.565022619723374930e+01
6.581771715996237049e+01
6.683245177982942664e+01
7.047473151724813079e+01
7.102635484856718051e+01
7.712211575426381671e+01
8.652955633600706165e+01
8.762556272279030622e+01
9.474463991773144755e+01
1.003513151647422035e+02
1.070541231820641457e+02
