100 0 0 0
99 1 0 0
98 1 0 0
97 1 0 0
96 2 0 0
95 3 0 0
94 4 0 0
93 4 0 0
92 4 0 0
91 5 0 0
90 5 0 0
89 6 0 0
88 7 0 0
87 7 0 0
86 8 0 0
85 8 0 0
84 8 0 0
83 8 0 0
82 8 0 0
81 8 0 0
80 9 0 0
79 9 0 0
78 9 0 0
77 10 0 0
76 11 0 0
75 11 0 0
74 11 0 0
73 12 0 0
72 12 0 0
71 12 0 0
70 13 0 0
69 14 0 0
68 14 0 0
67 14 0 0
66 15 0 0
65 16 0 0
64 16 0 0
63 16 0 0
62 16 0 0
61 16 0 0
60 16 0 0
59 17 0 0
58 17 0 0
57 18 0 0
56 18 0 0
55 19 0 0
54 19 0 0
53 20 0 0
52 20 0 0
51 21 0 0
50 21 0 0
49 21 0 0
48 21 0 0
47 22 0 0
46 22 0 0
45 22 0 0
44 23 0 0
43 24 0 0
42 24 0 0
41 24 0 0
40 24 0 0
39 25 0 0
38 26 0 0
37 27 0 0
36 28 0 0
35 28 0 0
34 29 0 0
33 29 0 0
32 30 0 0
31 30 0 0
30 30 0 0
29 30 0 0
28 30 0 0
27 31 0 0
26 32 0 0
25 33 0 0
24 33 0 0
23 34 0 0
22 34 0 0
21 34 0 0
20 34 0 0
19 34 0 0
18 35 0 0
17 36 0 0
16 37 0 0
15 38 0 0
14 38 0 0
13 39 0 0
12 39 0 0
11 40 0 0
10 41 0 0
9 41 0 0
8 42 0 0
7 42 0 0
6 43 0 0
5 44 0 0
4 45 0 0
3 46 0 0
2 46 0 0
1 47 0 0
0 47 0 0
