1.936960931076721977e+02
2.677649521811418936e+02
1.458921528995275025e+02
2.087391705428232171e+02
9.062264617917212206e+01
1.984289300936059419e+02
2.749821943627590599e+02
2.466423555391560853e+02
2.854134468822155668e+02
1.599828529846267884e+02
2.331791976502641432e+02
1.412802239592464844e+02
1.419679120641076793e+02
2.569967572304653345e+02
1.550512581894888910e+02
1.521358806440435387e+02
1.249101500095667632e+02
1.746355583653865722e+02
1.559438511639738749e+02
1.981602623344767835e+02
1.387508276170078148e+02
1.774608655914271367e+02
1.833388479166255252e+02
1.675318780698553383e+02
2.686575677538955347e+02
1.847283456304883771e+02
2.606909983782405220e+02
1.863274820915989096e+02
1.641680300959751264e+02
1.437494725058678284e+02
1.686713096635886870e+02
2.142637246555579509e+02
2.058726875299433061e+02
2.477840006050159616e+02
1.760748056112468021e+02
2.386608422598149843e+02
2.201141908768108522e+02
1.344059389490736010e+02
2.516086285734074863e+02
2.435488306540485723e+02
1.408327959162504044e+02
1.950576079607931774e+02
1.910246446128612376e+02
1.619605645466333215e+02
2.573920490410687307e+02
1.341313164519110899e+02
1.476492658648573979e+02
1.512458356202996868e+02
1.473243264267479447e+02
1.649510415821347920e+02
1.547259951895069605e+02
1.480908435511142613e+02
1.622597557942839899e+02
1.585124582189958460e+02
2.321051481242104444e+02
1.274370706025153623e+02
2.100414790721319491e+02
1.319128895289395871e+02
2.058935928894893266e+02
1.376390434991495795e+02
2.134037741114491098e+02
1.923362578548108957e+02
2.520183849311063398e+02
2.640101772190612337e+02
1.860001293476948945e+02
1.476672288997164628e+02
1.665610214584352207e+02
1.574623808963655165e+02
2.756436979062231671e+02
1.307251182218598160e+02
1.942634197191396481e+02
1.675371416787585872e+02
1.447798644107292887e+02
1.730201533061165833e+02
1.235597736115435623e+02
2.124295511021346670e+02
1.347003051948699408e+02
3.130318652343452186e+02
1.959126614622076659e+02
2.071125062328600848e+02
1.545230848208960310e+02
1.575620271713462159e+02
1.409878938703937479e+02
2.732092311056966878e+02
1.544504024455839044e+02
2.249940579209475118e+02
1.517705171261000885e+02
3.031014642666556256e+02
1.972655997061795290e+02
2.038936763702041901e+02
1.617689390414456341e+02
2.125808084155221707e+02
2.526910550950948391e+02
1.238660136505569085e+02
2.028062493443576955e+02
1.728309805425049888e+02
2.385019070977415083e+02
1.549295607889541202e+02
2.077110192398242532e+02
1.451956952223965231e+02
2.004809407695628067e+02
1.158455622771744800e+02
1.673645177651784763e+02
1.567487545832512694e+02
1.594271436282293450e+02
1.228602345106404243e+02
1.344789845411574447e+02
1.557752353368598506e+02
1.609796485957399739e+02
1.892395821524106339e+02
1.622715931967528320e+02
2.527906625760404893e+02
1.577385660490650423e+02
1.332996011567892651e+02
1.654584904793913722e+02
1.558535216025615853e+02
1.444426065638753869e+02
1.724577903497916225e+02
1.443427025111109856e+02
1.662481858757456905e+02
1.747074321841715516e+02
1.505678029826714521e+02
2.189459719937551654e+02
2.405855977267821117e+02
1.350241850145957869e+02
1.902923700366574735e+02
1.504532357765661459e+02
2.472193870421513680e+02
1.582141200235182623e+02
1.306575555229256338e+02
1.567599570530013011e+02
2.380218121269300013e+02
1.140024082006373476e+02
1.630792760694109518e+02
1.752589824824484879e+02
2.227405923003211683e+02
2.080460263515471411e+02
1.655679908179215829e+02
2.882578211877068952e+02
2.134267894024103498e+02
2.407159696225771768e+02
1.957833433780051280e+02
1.928723987297012172e+02
1.635651553869657846e+02
1.729403680765085767e+02
2.061338114011621485e+02
1.759279947303000995e+02
2.277811067513880516e+02
1.317654855376844694e+02
2.019121998918166412e+02
1.837254419996218644e+02
1.366893910950047371e+02
1.512729209983792487e+02
2.246190976282491079e+02
2.165203594548619890e+02
4.169455395267153790e+02
1.476580414683245692e+02
2.340494618546290155e+02
2.157340894225001762e+02
2.170891613678852536e+02
2.937333211284087042e+02
1.715574171566255472e+02
1.750445569633841103e+02
1.706677560145694770e+02
1.360578100847631617e+02
1.325490253191927650e+02
1.446214919540354344e+02
1.686039433543522250e+02
1.137697008070103237e+02
1.705021228112243818e+02
1.701516995147487989e+02
1.719682092156262456e+02
1.196351961619904216e+02
1.430213870421861486e+02
1.704304878265188563e+02
2.466251149296991230e+02
2.867982923151650425e+02
1.881502108198757242e+02
2.038206038500222803e+02
1.642581968543418611e+02
2.485462179484254079e+02
1.685583121462071858e+02
1.730739585544927763e+02
1.939672989816384643e+02
2.415239865569924973e+02
2.056505947797969611e+02
1.933330081341198365e+02
2.734041514820222574e+02
1.502217006989197046e+02
1.790969208185932189e+02
2.004817280720801875e+02
2.203332448566270330e+02
1.892644957369788585e+02
1.610909879730335206e+02
1.393148910870787631e+02
2.702849851121834490e+02
1.698459912309645290e+02
1.361203466927081820e+02
2.361501169948368499e+02
1.515014047492221039e+02
1.443214028100023825e+02
1.779944840811279221e+02
1.759817722662219239e+02
1.346474327613796618e+02
3.272798353418434090e+02
1.690627540497160339e+02
1.755976082958399616e+02
2.500188403238265096e+02
1.728419177881562803e+02
1.740438645889830127e+02
1.678873225437751557e+02
2.785421458161101214e+02
2.133869358238071641e+02
1.854533559876361721e+02
1.927208347117546623e+02
3.112088860549799847e+02
1.891919153624273804e+02
1.883855874018062764e+02
3.719932817473682007e+02
3.024405816732362382e+02
1.711157938652746111e+02
2.167177340426570709e+02
1.561611994375676602e+02
2.088542460879020268e+02
1.958569182416196099e+02
1.629936787005121630e+02
1.852469390716961470e+02
2.769308316182535918e+02
1.447664408744822424e+02
2.276081247985524669e+02
2.402806488212003160e+02
1.643429622239104333e+02
1.659876201525569002e+02
2.003607130994370777e+02
2.507880267193430086e+02
1.847730688965253023e+02
2.598052028508698754e+02
1.726001126944584314e+02
1.852443633973724673e+02
1.540179528050129250e+02
1.815752407427872868e+02
1.658482021641686686e+02
1.849692607408246943e+02
2.002807494503508110e+02
1.470347376987151620e+02
2.145691066290041249e+02
1.734206069363387712e+02
1.780970700147420587e+02
1.810061006760732312e+02
2.601972097446607108e+02
2.046634198278046597e+02
2.163552088952699819e+02
1.574442206005761875e+02
2.521999382997348107e+02
1.618043236239971066e+02
1.942100153493788355e+02
2.592316232737252903e+02
2.358984557658964718e+02
2.462559076927805677e+02
1.076584937796815069e+02
1.834587205094224771e+02
1.649075500508088226e+02
1.663164236415710775e+02
1.542107428258638890e+02
1.488860613982836867e+02
1.600849859307267877e+02
1.912160014634976619e+02
1.670952564149831403e+02
2.531483571828454444e+02
1.626892325167333979e+02
1.506628831123133239e+02
2.064299140553110874e+02
2.236887629120304268e+02
1.353865946851931881e+02
1.612293180889504072e+02
2.215757956522908216e+02
1.194254497092533853e+02
1.637356792557358460e+02
2.097760179057413268e+02
2.167318108090489091e+02
1.746168291748213619e+02
1.918483880729478983e+02
1.960228698451456069e+02
1.493379536925093589e+02
1.855236105515383258e+02
1.530444953455806285e+02
1.842180703505571842e+02
2.220842720028495023e+02
1.340940247257237274e+02
1.294327551718029383e+02
1.902999644477368690e+02
2.984472015313755833e+02
1.686813178519645930e+02
2.574566873377393108e+02
1.681746355161332076e+02
1.532751294615154620e+02
2.542819798916446814e+02
1.506050484125604214e+02
1.594884409127992626e+02
1.613528798655028709e+02
1.866648097769597143e+02
1.531112089298906085e+02
2.123630438790499397e+02
2.003490236316766868e+02
1.200862932132717020e+02
1.671508915553246482e+02
2.009899954725562452e+02
2.252792556865864242e+02
1.356567162038471963e+02
1.236763167970845814e+02
1.383953617884575635e+02
1.780237278349533767e+02
1.204915795305572601e+02
1.404906096542899832e+02
1.215839883056012525e+02
1.705496106300590782e+02
1.955637973565763161e+02
1.858921904699723200e+02
1.895275575593533119e+02
1.683164183456688932e+02
2.047672437926667897e+02
1.838892914580411002e+02
2.274277038615515494e+02
2.048593985972448195e+02
2.497689085733135244e+02
2.151464032240705819e+02
1.986390144040936718e+02
1.707078557032091908e+02
1.779424153919526361e+02
1.327448994340868467e+02
2.735858859713103470e+02
1.913525814688866262e+02
1.719027857082906792e+02
1.778170923515597224e+02
1.836329721101470227e+02
1.607881061861349110e+02
1.418525344021428793e+02
1.823288346430601905e+02
1.760988535038043210e+02
2.439622849245371299e+02
1.678007785350940821e+02
1.062285690534653924e+02
1.806006865724239674e+02
2.615667527864555950e+02
1.762413536074775209e+02
2.265539526304555693e+02
1.514310399038773767e+02
1.904644115803505997e+02
2.353773526800811169e+02
2.569444016498122210e+02
1.990821169103479633e+02
1.443677830358928702e+02
1.310344191141011834e+02
1.568676512784048498e+02
1.968180991399589175e+02
3.721853571921114963e+02
1.254551420514490303e+02
1.638449342078313293e+02
1.379323189539736063e+02
1.675734308988564862e+02
2.496873413452483419e+02
1.455720837569390653e+02
2.653506589069201027e+02
1.639410039787476023e+02
2.294233062706564397e+02
1.225384053788528433e+02
1.726205210454447752e+02
1.104995978597682011e+02
1.602923073492092669e+02
2.111012247781174551e+02
2.357004348000398579e+02
2.470922828630020263e+02
1.880279412470189015e+02
2.380233353486588044e+02
1.693503837688534475e+02
1.336228633520562710e+02
1.492583765644542382e+02
2.017642994510534038e+02
1.583944671600696665e+02
2.449194414713720960e+02
1.325485909766266559e+02
1.657645206443529560e+02
2.436992291839622453e+02
2.130198555892229422e+02
1.444539234476218041e+02
1.625228383480084915e+02
1.502636260458431821e+02
1.819453174426589328e+02
2.783924021534056124e+02
1.718345161968422872e+02
3.391368748224628007e+02
1.761103650087488290e+02
1.491311673331378529e+02
2.341488879887677967e+02
1.422623629877212466e+02
1.675277377900280271e+02
1.787696863930435143e+02
2.136791755008264033e+02
1.730546033632518856e+02
1.366280287636886897e+02
1.738371294880720939e+02
1.730807311355630418e+02
2.128039827456788942e+02
1.663043608064245120e+02
2.156663231083301753e+02
2.070906785563147423e+02
1.760105357335804968e+02
1.793075124408393037e+02
1.621154816842357889e+02
1.243815489749783296e+02
1.401983796745687130e+02
2.755783157371777179e+02
1.957845745785113252e+02
2.449224411097754626e+02
1.189872233223883740e+02
1.265427158070756661e+02
1.539636661680903273e+02
1.294688595002887155e+02
1.591377975726435636e+02
2.160149869944447687e+02
1.556253023598891900e+02
1.589328559971824575e+02
2.140515644769013193e+02
1.358778663134860096e+02
1.942896983675869365e+02
1.349329793308842227e+02
1.570411566445039568e+02
2.026693137246076617e+02
3.177121242804075791e+02
1.181184772471269326e+02
1.752324683203041218e+02
1.707658902377424965e+02
1.683359395677649388e+02
2.424120539530548228e+02
1.435697678373678912e+02
1.784973371682492314e+02
1.583263172743106111e+02
2.000779550719819326e+02
1.709222959382258296e+02
2.662199830628698578e+02
1.500593624306105767e+02
1.626956569287437446e+02
1.715904752080933804e+02
1.250390388415818137e+02
2.524622720595526744e+02
1.897629938558420690e+02
2.002497859054025184e+02
1.812348681228884857e+02
1.596009998397908589e+02
1.536796245130032617e+02
1.443312779192397670e+02
1.391990791424781833e+02
1.927637032237375081e+02
1.634498006396205483e+02
1.683451260826700775e+02
2.293863106087958101e+02
1.838948217517676653e+02
2.123168407245262017e+02
1.462103819928763926e+02
1.779120478018923563e+02
1.312628181704070300e+02
1.661325648598768225e+02
1.400923249835688011e+02
1.701900411549016496e+02
2.087284594060516838e+02
1.756252385928303283e+02
1.697021057931028736e+02
1.376993579615464114e+02
1.870228217300766289e+02
2.008220851158345113e+02
2.857808744901961973e+02
2.054896111028450321e+02
2.628897693009016052e+02
2.213331377826344237e+02
1.935521710197829179e+02
2.545943257085439768e+02
2.419693641291412973e+02
1.527813105889219969e+02
1.881511771733023011e+02
2.014240333609191964e+02
1.502767749408615998e+02
1.967267212958577147e+02
1.908703955012814220e+02
1.715731786080184804e+02
2.538999351300879539e+02
2.143864618683393530e+02
1.932284482805357584e+02
1.079323070094620221e+02
1.949796063036258431e+02
2.043413559247735805e+02
2.461208193216867528e+02
2.373243732857948203e+02
1.474531183137348762e+02
2.461103262173911332e+02
1.907415773144462037e+02
2.452086479047482044e+02
1.674951408720436348e+02
1.387250863998691273e+02
2.783360797009750058e+02
2.231539866329765687e+02
2.196248919424180883e+02
1.297332750587148951e+02
1.793745231715574562e+02
1.859751766807236208e+02
1.711634043023804281e+02
1.631639770486587508e+02
1.369564190829364065e+02
2.083932861522472706e+02
1.877594746958480414e+02
1.206724919939421881e+02
1.807771059080604630e+02
2.294201011924039335e+02
1.188525595703721791e+02
2.186012368309912119e+02
1.931274528986202483e+02
1.496386703560096976e+02
1.809616608146528449e+02
1.309348674338592673e+02
1.493213847487275530e+02
1.876932317218838193e+02
1.122691204031628729e+02
1.857370815221804037e+02
1.922111745284860262e+02
2.510850820891733974e+02
1.950455743327099185e+02
1.910227276952580553e+02
2.205268708495045189e+02
2.620019273353081530e+02
1.885303019327642460e+02
2.132074116506998394e+02
1.261750162653325873e+02
1.374953970070701530e+02
2.100094994469599214e+02
1.913450789468598998e+02
2.032712068334468540e+02
1.565763519069871563e+02
1.702955163145016684e+02
1.514168291748528077e+02
1.351737346161433777e+02
1.560629865997564423e+02
1.386575216887931674e+02
3.325711145073263992e+02
2.819576413199702074e+02
1.917310949801295692e+02
1.931241785981883652e+02
1.785547554145967695e+02
2.135681297163036163e+02
1.501403215986003374e+02
2.195288734128942281e+02
1.695907794034232268e+02
1.562027544852263361e+02
2.728975546166572599e+02
2.333428699885798210e+02
1.809280089583772906e+02
2.409456999136235140e+02
1.806641798114104631e+02
1.317734283680996157e+02
2.333531063583577918e+02
2.356999728421748159e+02
1.885344737758418034e+02
1.517852816368136644e+02
1.686821149857516673e+02
2.349659483677353364e+02
1.831414601601115066e+02
1.351758351808863665e+02
2.538047105653848234e+02
2.393875189246408297e+02
1.600295728143891836e+02
1.559515848322360227e+02
1.805293900889329279e+02
1.209164847455111556e+02
1.877222614954924609e+02
3.378560218314875669e+02
1.835958650462767991e+02
1.664417274903191526e+02
1.709961658338009443e+02
1.992430373727496544e+02
1.601381277443333317e+02
1.233936234742702283e+02
2.538452482703746682e+02
1.529260160408981619e+02
2.008230646452187216e+02
1.469208457973487327e+02
1.579874596955620802e+02
1.823879736461896925e+02
1.500507343706051699e+02
1.812624887379031406e+02
1.362369317522334882e+02
1.145078599288762717e+02
2.262305995644996415e+02
1.880003639473356998e+02
2.570144358290627906e+02
1.776213099369221311e+02
1.096820249226958737e+02
1.653159001338155178e+02
2.526648494696514433e+02
1.956772308280886818e+02
1.876857508322370620e+02
1.790970635323031956e+02
1.890772455850427036e+02
9.885485460923806045e+01
1.762223242335945770e+02
1.482390339386634253e+02
1.897312382552086945e+02
1.805820791902779661e+02
1.336097197940036096e+02
2.454528385486800630e+02
1.558760822252885987e+02
1.789435324807756444e+02
1.281814403100779884e+02
1.677809507848489545e+02
1.467054740724007615e+02
2.056032693480336206e+02
2.045582369974039807e+02
1.546483149234607595e+02
1.379749902924144180e+02
2.229721781592032528e+02
1.718715842373506177e+02
1.984163987487173415e+02
1.942774122401371244e+02
2.163921443546896626e+02
2.161719329028815650e+02
3.307076435052483703e+02
1.313340726823608691e+02
2.213657926707001309e+02
1.335777482391990816e+02
1.896032261214750747e+02
1.725131343125385115e+02
1.811162210913373372e+02
1.903322279134554833e+02
2.104646329179131783e+02
1.991808289997376846e+02
1.811689720425827375e+02
1.395993158951260398e+02
1.926249382577369147e+02
1.712203719311639816e+02
1.585100491900935253e+02
1.969553694625823823e+02
1.460868459161359851e+02
1.864710701214435460e+02
1.361016154144422501e+02
1.405275412609914270e+02
2.330483364313669767e+02
1.661843753544513049e+02
1.405136084153073455e+02
2.284608763611678341e+02
1.881481651531611305e+02
1.684614949660937668e+02
1.531305509711173443e+02
1.448714929324686409e+02
1.826061884493910554e+02
1.421094365134284487e+02
1.547865254008517297e+02
1.568450235213501855e+02
2.365717755256645489e+02
2.272143537399788613e+02
4.395917600684756508e+02
1.369537697447235871e+02
1.359764008821119603e+02
1.714302396274202920e+02
1.724282846802209974e+02
2.597148620766756721e+02
2.355314329457810629e+02
1.656301178582421585e+02
2.092620824699559421e+02
1.777224813715281471e+02
1.957807125668884112e+02
1.989369490709786703e+02
1.821262289812706001e+02
1.820408602311306367e+02
2.044721700534535671e+02
1.929293414093012871e+02
1.585579534289343258e+02
1.771286135651540121e+02
1.844731463148261810e+02
1.686013817929525658e+02
1.763982148700060861e+02
1.883256892645959510e+02
1.386546999396460649e+02
1.730873359022461955e+02
1.495179964507686066e+02
2.178117448484553336e+02
1.422252260391616971e+02
1.909316983471877336e+02
1.645825444781884812e+02
1.699861952400225107e+02
1.630666250317307231e+02
1.760358313453700987e+02
1.946000728500490311e+02
1.526768099571774826e+02
1.734898803397172458e+02
1.533960965996588470e+02
1.344192748401251833e+02
2.374602210258981358e+02
1.940610087015168688e+02
1.675579128120265864e+02
1.945875548961860204e+02
1.437322285069938630e+02
2.604815859656372368e+02
1.863268222107654708e+02
1.391949893625293839e+02
1.196373021841257014e+02
1.715023762310372604e+02
1.689247912903688587e+02
1.551188558149402752e+02
1.767772171323517227e+02
1.594571714797621667e+02
1.942487317644635425e+02
2.841126979930129437e+02
1.622967427718598117e+02
1.588999970029311442e+02
1.563853755479332506e+02
1.561139284784852350e+02
1.901029167416520522e+02
1.450579914935389638e+02
1.744458884088940920e+02
2.180081899641181167e+02
2.079669613214134642e+02
1.862039386982262954e+02
2.365154520699119303e+02
1.354112249464642161e+02
1.462289888528896711e+02
2.564104649968498393e+02
2.167496053462418502e+02
1.813990610724130192e+02
2.476826432874010209e+02
1.549215446475797080e+02
1.824683116217476595e+02
2.267249445880734129e+02
1.433078543306499739e+02
1.701736775900641305e+02
1.445237374369314409e+02
2.540850325474550004e+02
1.986401505659996758e+02
1.653373362313390373e+02
1.730976614313273956e+02
1.775234966894858530e+02
1.450231220946129156e+02
2.364318305237692357e+02
1.793463148755339489e+02
1.423634420567635175e+02
2.306120112174919541e+02
1.613825144480766767e+02
2.317796451025535589e+02
1.514873581272398724e+02
1.437407271717754611e+02
1.820112026701899595e+02
2.392953825273429800e+02
1.436283264791112515e+02
2.479896986393792986e+02
1.744819878752906561e+02
1.794357994410724473e+02
2.119803891472240593e+02
1.742244314092140769e+02
2.400238751705257982e+02
1.309557494845696510e+02
1.521444876466182734e+02
2.122771637871219070e+02
2.106641216758657436e+02
3.485322954647575671e+02
1.889606631186747450e+02
1.344503312634646193e+02
1.993461517998443071e+02
2.561887308027654626e+02
1.132259260792727957e+02
1.812271393528469616e+02
2.251765056215537015e+02
1.790145208628070463e+02
2.817081683121207334e+02
2.082350804739614887e+02
1.603498291434290479e+02
2.346681827611004962e+02
1.865940697247893922e+02
2.006245803760714068e+02
2.686030960540438173e+02
2.426822650701643624e+02
1.883277085070646422e+02
1.717910456866321169e+02
1.782171972625363594e+02
1.662549184856630689e+02
1.955585073648452692e+02
2.477585643910613840e+02
1.744709997583546510e+02
1.371545660264962407e+02
1.317283311842268176e+02
1.301357660757728070e+02
1.535129339586472383e+02
1.739302065405311737e+02
2.336803846409355572e+02
1.915625450298110195e+02
1.750664390820004996e+02
1.238811185649233835e+02
2.191391474437052409e+02
2.181888845575959976e+02
2.568602928398475456e+02
1.783706118789574475e+02
2.164345996604761808e+02
1.802882047693478285e+02
1.963966083044660422e+02
1.561882099759624225e+02
2.029985782370473544e+02
1.162249053907526388e+02
1.683715197701685611e+02
1.277027127346794515e+02
1.506560637435120213e+02
1.303269548237497872e+02
1.301331860494794341e+02
1.955930374070787821e+02
2.321651934986537924e+02
2.155800771860655516e+02
1.562182803710778103e+02
1.786888638126297053e+02
2.311760598085902245e+02
2.239958424628691773e+02
2.467874316878474019e+02
1.261398416937609142e+02
1.618888697292600796e+02
1.549776351208635958e+02
1.385096732693811248e+02
1.882224176463797676e+02
1.447179798943902256e+02
2.307351155158087579e+02
1.343799930101836821e+02
1.654105089160647708e+02
1.188016367170119594e+02
1.819412720525995724e+02
1.579448693947706772e+02
1.742621738920541361e+02
1.460543293026053107e+02
1.662464301017831758e+02
2.152934046916360273e+02
1.512054330094298678e+02
1.426393607528146106e+02
1.839082959486325137e+02
1.025217265168789424e+02
2.119775944988349465e+02
2.051067450768489380e+02
1.643771353304385059e+02
1.522111318221939769e+02
1.271155744296311525e+02
2.694589450877449508e+02
1.860346645156875240e+02
1.870696722471573992e+02
1.656172082129878618e+02
1.772808846212265053e+02
2.690365085311105418e+02
2.509918543917479496e+02
1.435797095484277293e+02
2.152745474388440812e+02
2.031743375480366183e+02
1.904902090962741568e+02
1.606069400366935724e+02
1.286252085679391257e+02
2.297308719232037788e+02
2.195044808253766462e+02
1.394615840514152012e+02
2.124561163746506054e+02
1.353887859731573826e+02
2.065880414478960461e+02
1.413776148975102558e+02
1.913434087926205507e+02
2.079559167868119971e+02
1.598801378949034984e+02
1.881691516391037453e+02
1.548752486144067859e+02
1.851928484688853587e+02
2.141362925770343963e+02
1.454853338968591459e+02
2.309152778206358505e+02
1.871665476647486344e+02
1.359587892202189607e+02
1.174393461406753403e+02
2.288696685736588563e+02
1.293134868675479936e+02
1.842679639039417623e+02
1.605691337798975269e+02
1.491528579414854505e+02
2.089474967581085139e+02
1.657800034230033361e+02
1.752790554812926871e+02
1.587232901275985739e+02
1.851769400019676652e+02
1.479050543282424428e+02
2.447759665328801475e+02
1.571569349191399567e+02
1.863446729957771026e+02
2.028789878260961359e+02
1.627760565602553982e+02
1.977652547548855466e+02
1.478886665069061905e+02
3.067622063290303345e+02
1.740997059753050280e+02
1.616581529499811154e+02
1.350129526376855722e+02
2.888883932415957361e+02
1.759302584054190106e+02
1.349843684412219602e+02
2.021400037355962809e+02
2.575169499306536522e+02
1.499097122460915443e+02
1.533561635281805309e+02
1.846605143738057961e+02
2.148489622977585896e+02
1.448598064441174813e+02
1.975045236526546546e+02
1.631499369788116098e+02
1.645476776860950281e+02
1.542975680647558363e+02
1.733974556330208259e+02
2.203311405884931560e+02
1.765098263499278062e+02
1.454867396907300474e+02
1.829969576350498244e+02
2.227738938732913994e+02
2.226780137974083402e+02
2.011034991777745518e+02
1.643230859212958421e+02
1.686431102154165558e+02
2.201208424840235409e+02
1.264069588988658239e+02
1.659412931915726119e+02
3.023618286584330122e+02
1.930438880226310516e+02
3.191749416533189105e+02
3.314739513351237292e+02
1.455314541011864549e+02
1.206604528079117529e+02
1.177416547371251738e+02
1.262590910810310305e+02
3.394095756836630358e+02
3.130403294476966494e+02
1.222706805864776101e+02
2.739806281278511051e+02
2.339305212235491069e+02
1.770734212304765549e+02
2.114522733359533504e+02
1.803061620458028642e+02
1.946539972327725252e+02
2.048298854163577971e+02
1.819609157416680318e+02
1.471061727147798024e+02
1.527513339354597974e+02
1.614687838876962758e+02
2.468431377227705639e+02
1.796046618029091917e+02
1.080022129983388908e+02
1.624405913323474522e+02
1.537213555765693513e+02
1.599023119028679218e+02
2.214826702164895380e+02
1.856132539403173496e+02
1.630648260322896306e+02
2.436638927932942806e+02
1.714256339500414867e+02
1.802142858163132360e+02
1.981634373325507568e+02
2.777793929947340530e+02
1.874176043199290405e+02
1.942216760574692955e+02
1.866240707336725109e+02
1.302600684498356713e+02
1.418164435526156808e+02
1.758548629498553453e+02
1.534538149063305923e+02
1.485566693596269374e+02
1.697105540852171544e+02
3.109625548600485558e+02
1.654355694239112040e+02
1.534197605876512398e+02
2.185273767823465789e+02
1.918535088302978693e+02
1.216933532734418861e+02
1.600264060028680717e+02
1.983438392364402603e+02
1.522262915423861784e+02
2.627385685095973145e+02
2.115115686571261051e+02
1.455310311443261639e+02
1.195915270422401022e+02
1.472883076013750099e+02
1.811459698743093156e+02
2.143696712348601920e+02
1.289958372626312837e+02
1.992826898031240148e+02
1.721171134034030104e+02
1.499150072225801864e+02
1.699593654385443529e+02
2.239595989776366309e+02
1.916988009805261015e+02
1.807947975202505972e+02
1.374538071364706298e+02
1.843556512581176605e+02
3.276818921333468779e+02
2.324514304027263165e+02
1.864474619365963406e+02
1.752922962476395128e+02
1.844767749090496238e+02
1.783960888168597876e+02
1.595159775416416323e+02
1.443178649120708883e+02
